case_CI-19: 0.263391
case_CI-17: 0.262685
case_CI-30: 0.230334
case_CI-23: 0.240810
case_CI-20: 0.320269
case_CI-18: 0.265541
case_CI-31: 0.295906
case_CI-22: 0.224202
case_CI-24: 0.259578
case_CI-29: 0.326898
case_CI-27: 0.323117
case_CI-26: 0.348825
case_CI-25: 0.310206
case_CI-32: 0.401649
case_CI-28: 0.659258
case_CI-21: 1.205637
--- Total cost summary ---
